Resh composition for peppers:
# the amount of Sulfur is adjusted
  N (NO3-):  0.000190
  N (NH4+):  0.000018
  P:         0.000040
  K:         0.000340
  Mg:        0.000050
  Ca:        0.000170
  S:         0.000060
  Fe:        0.000005
  Zn:        0.00000033
  B:         0.00000033
  Mn:        0.00000055
  Cu:        0.00000005
  Mo:        0.00000005
