Masterblend 4-18-38 Tomato Formula:
  N (NO3-):  0.035
  N (NH4+):  0.005
  P:         0.07855682712814097
  K:         0.31545708370932646
  Mg:        0.005
  Ca:        0.0
  S:         0.0
  Fe:        0.004
  Zn:        0.0005
  B:         0.002
  Mn:        0.002
  Cu:        0.0005
  Mo:        0.0001
